1010
1030
1040
1100
1101
1103
1104
1106
1110
1111
1112
1115
1116
1120
1121
1129
1130
1134
1136
1141
1142
1143
1200
1202
1208
1300
1301
1302
1303
1304
1305
1306
1307
1310
1311
1312
1314
1315
1316
1318
1320
1322
1324
1325
1326
1334
1335
1336
1337
1342
1351
1352
180
2020
2030
2040
2074
2075
2100
2107
2111
2112
2113
2120
2121
2123
2125
2126
2127
2128
2129
2130
2188
2190
2200
2251
2252
2281
2291
2300
2301
2302
2303
2305
2306
2308
2310
2311
2312
2313
2314
2315
2316
2317
2319
2320
2321
2322
2323
2324
2325
2326
2327
2328
2329
2330
2331
2332
2333
2334
2335
2336
2337
2340
2341
2344
2345
2350
2355
2359
2361
2364
2366
2367
2368
2370
2371
2372
2380
2381
2384
2390
2401
2409
2413
2414
2415
2417
2418
2419
2420
2421
2422
2451
2920
2V71
2V90
2V95
2V96
3074
3075
3080
3093
3100
3101
3102
3104
3105
3106
3108
3110
3111
3112
3113
3114
3115
3116
3118
3120
3122
3124
3130
3131
3149
3150
3161
3162
3177
3179
3181
3185
3186
3190
3199
3200
3201
3202
3229
3300
3301
3302
3303
3304
3305
3306
3307
3308
3309
3310
3311
3312
3313
3314
3315
3316
3317
3318
3319
3320
3321
3322
3323
3324
3325
3326
3327
3328
3330
3331
3332
3333
3335
3336
3337
3338
3339
3340
3341
3342
3343
3344
3345
3346
3348
3349
3350
3351
3352
3353
3354
3355
3357
3359
3360
3361
3362
3363
3364
3365
3366
3367
3368
3369
3370
3371
3372
3373
3374
3375
3376
3377
3378
3379
3380
3381
3382
3385
3386
3388
3389
3390
3391
3392
3393
3394
3395
3396
3397
3398
3399
3402
3411
3416
3421
3427
3434
3455
3456
3464
3470
3471
3472
3520
3V10
3V15
3V84
3V90
3V91
3V92
3V93
3V95
3V96
4073
4074
4075
4076
4080
4083
4090
4095
4098
4101
4108
4110
4112
4116
4118
4120
4141
4174
4185
4186
4193
4199
4201
4203
4299
4300
4301
4302
4303
4304
4305
4306
4307
4308
4309
4310
4311
4312
4313
4314
4315
4316
4317
4318
4319
4320
4321
4322
4323
4324
4325
4326
4327
4328
4329
4330
4331
4332
4333
4334
4335
4336
4337
4338
4339
4340
4341
4342
4343
4344
4345
4346
4347
4348
4349
4350
4351
4352
4353
4354
4355
4356
4357
4358
4359
4360
4361
4362
4363
4364
4365
4366
4367
4368
4369
4370
4371
4372
4373
4375
4376
4377
4378
4379
4380
4381
4382
4383
4384
4385
4386
4388
4389
4390
4391
4392
4393
4394
4395
4396
4397
4398
4399
4430
4461
4473
4485
4693
4694
4696
4920
4V00
4V01
4V02
4V03
4V04
4V07
4V08
4V09
4V10
4V11
4V12
4V41
4V50
4V66
4V67
4V71
4V75
4V76
4V80
4V81
4V83
4V84
4V88
4V89
4V90
4V91
4V93
4V94
4V95
4V96
4V97
4V98
4V99
5101
5177
5179
5300
5301
5302
5303
5304
5305
5306
5310
5311
5312
5313
5314
5315
5318
5319
5320
5321
5322
5323
5324
5325
5326
5327
5330
5331
5332
5333
5335
5336
5339
5340
5341
5343
5344
5348
5350
5351
5352
5353
5355
5360
5361
5369
5370
5371
5373
5375
5376
5377
5381
5385
5387
5390
5391
5397
5410
5420
5440
5460
5V00
5V03
5V04
5V06
5V08
5V09
5V38
5V48
5V81
5V83
5V91
5V92
5V95
6000
6001
6009
6100
6101
6102
6103
6105
6106
6107
6108
6109
6110
6111
6112
6113
6114
6152
6160
6193
6194
6195
6202
6204
6216
6221
6222
6240
6248
6249
6250
6252
6253
6254
6256
6287
6291
6292
6300
6301
6302
6303
6304
6305
6306
6307
6308
6309
6310
6311
6312
6313
6314
6315
6316
6317
6318
6319
6320
6321
6322
6323
6324
6325
6326
6327
6328
6329
6330
6331
6332
6333
6334
6335
6336
6337
6338
6339
6340
6341
6342
6343
6344
6345
6346
6347
6348
6349
6350
6351
6352
6353
6354
6355
6356
6357
6358
6359
6360
6361
6362
6363
6364
6365
6366
6367
6368
6369
6370
6371
6372
6373
6374
6375
6376
6377
6378
6379
6380
6381
6382
6383
6384
6385
6386
6387
6388
6389
6390
6391
6392
6393
6394
6395
6396
6397
6398
6399
6401
6402
6405
6406
6407
6408
6410
6630
6698
6699
6V00
6V01
6V02
6V03
6V05
6V08
6V09
6V15
6V20
6V29
6V39
6V40
6V42
6V49
6V50
6V59
6V69
6V70
6V71
6V72
6V79
6V80
6V81
6V87
6V89
6V90
6V91
6V92
6V95
6V96
6V97
6V98
6V99
7051
7100
7110
7121
7172
7188
7204
7205
7208
7219
7220
7221
7222
7240
7253
7280
7282
7300
7301
7302
7303
7304
7305
7306
7307
7308
7309
7310
7311
7312
7313
7314
7315
7316
7318
7319
7320
7321
7323
7324
7325
7326
7327
7329
7330
7331
7332
7334
7335
7336
7338
7340
7341
7342
7343
7344
7345
7350
7351
7353
7354
7355
7356
7360
7361
7363
7364
7365
7370
7372
7375
7376
7380
7381
7383
7384
7386
7387
7390
7391
7392
7393
7420
7V00
7V12
7V26
7V50
7V56
7V68
7V71
7V73
7V80
7V81
7V82
7V83
7V85
7V86
7V87
7V88
7V89
7V90
7V91
7V97
7V98
7V99
8188
8303
8305
8330
8331
8332
8340
8398
8399
8V00
8V01
8V02
8V06
8V07
8V08
8V09
8V10
8V20
8V21
8V27
8V29
8V30
8V40
8V50
8V60
8V70
8V80
8V81
8V82
8V83
8V84
8V87
8V88
8V89
8V90
8V91
8V92
8V97
8V98
8V99
EXCM
INTRU
STAB
UTSW